75000	0.039	7500	237257	success
72000	0.053	10000	945921	success
87000	0.04	10000	276073	success
50000	0.043	5000	119068	success
50500	0.044	6000	558509	success
26400	0.073	7075	1209424	success
18000	0.06	500	163835	success
84240	0.044	14000	386125	success
26880	0.052	2400	243357	success
60000	0.042	6000	1288608	success
35000	0.081	16000	1296011	success
24000	0.058	1200	711807	success
90000	0.075	15775	698198	success
56004	0.062	8000	689551	success
40800	0.043	4800	666932	success
50004	0.047	11000	544232	success
54000	0.046	9000	1258720	success
125000	0.038	14975	1224186	success
0	0.075	10000	829056	success
15600	0.066	3200	589252	success
108000	0.086	35000	1211002	success
55000	0.045	4800	1003902	success
12960	0.067	4500	602597	success
65000	0.041	7000	997975	success
43000	0.049	12000	633537	success
102000	0.051	20000	157814	success
35004	0.05	8400	284165	success
90000	0.097	30000	1293518	success
50000	0.06	10800	911427	success
31897	0.06	14125	854118	success
45000	0.044	6250	915876	success
43400	0.049	12700	1194801	success
